2601274
2425685
3059099
2499273
777394
175703
696214
2995066
4187
3207700
2551
94122
200998
3187501
2720597
347448
960
17386
3030489
194316
116589
101273
145150
5160
2183786
169061
1636708
703874
934899
126283
34988
715813
2755642
3199109
71402
893165
1652649
2439759
5414
1764988
11151
3308291
1886626
1554
2936356
1369
94277
2967047
1942007
532150
701801
95843
3031149
1777893
1747981
701232
147497
1748490
2584049
3163420
229230
196424
2452935
2487685
3126615
948897
1958340
2523930
2502227
1625
2013943
3078259
3152806
5896
246652
197046
2426266
62382
3028526
885403
1594528
233136
3157220
233360
772
262204
149434
6413
1792429
3127979
171277
2696919
4370
1395
3095999
3126996
3153905
2659174
2503268
121304
2330582
152665
710931
3076338
1839120
166909
2180054
4776
4260
1595876
2398241
1386152
1607630
93103
2343572
5627
2181570
697884
1585644
740700
240100
253912
747187
1918190
230856
3209498
2796
94575
718620
12166
34638
3487
2148859
88002
3065662
2976018
221862
1575
1777438
10051
254270
8769
1427
1789600
2901566
933516
742242
3098024
2844961
1463420
3100307
1915864
3119161
3165
3458
3069504
164245
149
3204395
3059280
6562
1575152
2852253
17557
91425
1428
708848
186876
235292
1918
11790
2842739
1926638
676
910378
2376077
67888
1712215
230198
233170
209310
2966538
945318
9114
1572
9514
786265
3218752
2415753
3487340
16732
186258
2020077
822872
1608062
192982
250242
194570
191542
3108019
348676
190682
3909
739
31580
4505
2656382
2315768
147660
201124
2600047
839654
3488793
1737923
188754
1838349
3178664
98008
128282
2482904
2471567
99937
2557463
3478
125808
1837300
1712380
11302
110994
15744
3010821
100142
26020
3217203
342544
3307427
2769
2938810
3049325
948115
2950560
2985527
692396
1840672
886638
3305718
791663
1934391
1822806
35743
1649
2227579
9349
3535
3187809
18394
2600982
733531
2495946
11789
117734
3110513
233592
95618
170039
1969
255972
1856020
2536620
1595142
1582
712613
3128001
9504
3097411
3239873
1255
3043728
759191
1805844
195656
10083
4890
92557
232570
1589
1967788
44132
1243059
326908
802100
179456
128745
845080
1719721
1892724
2013768
15696
174493
57564
1628
247936
695424
1607751
3024996
757101
1822946
91313
9475
3406466
3215274
147760
2561816
712333
3293442
1813722
882670
2411429
3009768
2610923
295800
1582757
153170
167193
6159
96713
2538645
1913146
327546
386358
1985932
479
2108
697564
817610
3104280
21464
1709418
1734710
3033
2940355
206646
725404
227360
220756
11289
159359
170054
1036757
2372435
853726
1887342
2632229
1798330
2505509
290302
2675967
1032
89697
3150985
1743264
8216
2109
3127877
5524
1656053
2722821
3246981
2154337
6531
90868
893164
95487
347206
2641969
3218998
250280
3085005
360874
3050868
199278
170062
3347912
3499
2656526
185186
121734
3281553
30993
1887756
348354
1728922
881886
1561660
2802810
232878
190462
3188740
15301
912917
2854208
227778
87479
3167968
1576524
2966229
185920
3020105
9033
533
3458902
7490
2391941
3589130
3216838
10989
1934162
697375
73289
1517817
1987469
2644192
6598
452748
348912
695847
145735
1954481
2445
3101474
109113
193124
944
2406
2615394
617738
1925485
1722254
25733
120209
910891
5646
909504
3197098
168869
1433
3030494
2950227
2927984
1902905
4930
2474
186028
5478
849311
3123839
2851844
10778
680
2538382
2462379
2783079
1027315
1635
1544349
1598634
1065668
2156705
871464
190552
2698793
1783469
6096
188870
269666
1839376
178770
1770873
238370
2609665
264698
1754136
703311
3062201
5197
1915848
2615698
1716791
774422
3031081
1582832
2440225
3257811
3284
780
96341
61
199428
2279069
708973
1626604
3089627
182580
2317135
1976
3180599
710889
2699
711985
9802
17448
1743265
3246442
490
1515272
122091
2078421
9744
9689
6508
606962
168715
25644
3014058
698501
4512
227462
151481
1814202
3134708
3026123
16502
145075
101249
3026014
2820751
936856
3365789
1380
884474
3266832
2061
1597206
1004
2677019
3147699
943112
199934
874734
3039682
2744
748590
3126614
3022221
1835602
2278
243026
1787076
121962
1310437
780848
261226
909209
2333305
18635
937329
1654678
202200
240290
254470
709531
3011389
827050
1597113
166429
3163555
151146
3305445
3254886
1840040
3213430
4696
3032763
185216
347580
104
820780
1617
2945599
1295
750695
808259
348758
1962878
212930
3050552
2472464
2931244
15712
812059
125213
890889
3162402
1589021
124190
1595349
361348
170684
3085007
117273
378094
1781604
11835
227854
3071819
130330
2766663
12610
12272
3151640
2344034
2686328
2572308
2474956
3049552
85266
2742660
2943513
2965480
2408861
3296403
902169
1705676
6105
391504
1812055
892167
504674
90453
24215
326818
1740614
52284
298434
22815
89644
3555520
748491
2939806
3264638
223
422412
763098
234202
120148
82570
20111
3267927
126403
6617
872186
4585
1914
3308083
1343
3500
3141669
211816
732286
779832
1761593
554962
237162
1165
1975548
2638730
3050506
192874
5183
1467
2076
7402
3034284
3107015
882592
3087027
118572
2897
8541
943749
830209
3784
161939
10361
143996
697835
884592
922038
1026687
1671462
1885846
716301
2267967
841182
3234762
1909013
138053
2457508
768290
1627
10056
1546
199792
3025351
238714
768826
2953396
702734
710786
699946
1947802
2923352
648016
2993471
2479064
3122610
1728644
1436
126289
2432330
241538
1550077
2369794
939777
919287
181244
872175
1841499
1820190
2685597
3072083
229278
756996
3230205
117283
3079251
1917
1964956
140172
197048
2313759
111600
3061851
701205
2378
2524801
251348
200976
2973712
1231
255300
139273
1849838
11417
168939
1668298
1798203
3196792
1988388
899162
3144622
1787502
11892
3099681
119010
919746
194156
246768
756169
187386
1938509
3263720
3168947
2877182
162558
3100957
3202080
2357042
191284
708952
550
1595933
771514
8928
811
1720230
1950460
2342926
3501
1024970
269846
192500
3100398
189678
1870567
204142
102508
1971882
1795945
3039679
2993444
891518
1792117
3174808
3525
8873
733619
251724
8734
1943540
234764
2963316
3049129
102466
2356580
2615075
3489512
1136
145848
2400623
189140
119635
3583332
1873584
248030
194232
3485798
2128458
2487701
1911154
2501022
758
267482
2410049
4274
10890
2226
225966
2950831
35
716264
2528416
1626240
216082
3266063
8919
2939025
360418
244454
2019778
206258
251102
1020
2528003
3054866
347362
2198253
1898619
1893868
207294
1945121
3083228
2449
18732
1811
1907546
16083
701369
1974689
2317319
3135606
213416
257344
702589
901898
2370419
7841
222434
15998
730035
255464
718999
688515
727365
125088
3204718
5179
158635
144860
3023679
1901060
35296
2435711
3140093
562
194262
2038360
1579575
532
839106
1581764
151483
1955845
1805305
2375082
126496
1588826
698912
1785018
187422
3153819
3274345
421804
1687603
1971489
16102
295790
3177
1517729
2784426
101248
169813
238922
800534
788504
3030245
360368
3239068
17111
3104614
187390
87
3275186
172383
153753
263438
1575460
771431
2052
3013418
1941396
2993927
1581
164601
597
2754475
94272
713043
3058893
3078495
2317124
421508
255160
902591
3908
553428
1806171
10682
76143
1754868
402540
397808
255044
2416356
2248
2746
16184
726624
2419
945557
1767239
155876
246484
1585
189832
3498
200168
1761746
3150968
255980
970
115081
187872
3773
3169971
108718
747809
98324
93469
1718549
896323
3021100
3138205
2484053
947984
3033078
1815530
2407335
2900784
2863853
910959
113038
1712453
3304627
2976
1583383
7840
180524
3017268
2720191
23837
213164
35141
3067000
254646
168229
3223763
296774
254206
2619869
1941707
2936926
102510
251334
3244398
775979
74040
20054
3076888
798566
769
2570340
3006976
34753
3234456
89991
2652549
708843
1790476
948375
3184511
205282
236182
117080
10855
615098
2818253
939750
116522
3329404
123318
1995
699969
2948246
2810921
1989146
2384726
718027
3248927
762
5073
135746
830312
606380
3072266
155208
192354
34654
1449
123881
158588
2230531
3069703
232572
1829723
150200
1728944
2405603
47
90765
241742
1813729
1796739
15297
701457
222946
2426554
182714
787218
701182
3033186
712089
328962
1414
3139674
786320
3213638
3180625
251786
1756127
809114
1928794
795399
1644617
3254921
2279695
676640
2970896
326582
163978
3559
3211621
1657672
1077
1717636
888
1582293
133707
3004158
707958
196116
10283
702810
215664
2816860
3377874
1872
2078202
1613461
3122
935401
3129628
8753
1570738
174421
167338
3065661
2327563
200474
3295555
1849
11614
202
9946
2199127
1712686
3566216
3178991
1597057
2294185
8905
34990
2610679
216166
3262962
1742914
719305
3163606
2021679
255626
221900
16670
144297
3008459
142770
2038475
2947
87477
1811878
5439
782589
89028
1582935
470498
3300746
249690
2320805
2710
2405144
11602
2644450
1570674
39905
1705019
195328
3043708
227446
1897971
3211867
70613
1575576
118133
145045
902742
1719048
3296804
863363
12338
2610544
926846
1874203
807453
3498601
326706
99399
1445
3283370
11656
1287
3256214
2754291
2695755
1589476
9889
2872756
681900
907487
2415775
615096
3031086
7242
1078
2504479
3399765
900936
238948
3103063
124864
3114276
187828
10353
122422
2376140
4295
939803
48745
1033015
1021
903464
843568
709221
1722578
252172
3087816
1945388
170794
111383
3109501
192754
72
2069692
696306
84335
146711
2516729
695308
727366
1774769
2052747
1754673
2748072
6981
329586
12097
860021
3118847
1588886
117963
11941
162941
2919226
93309
2713015
2615077
1563581
3058731
115696
2370666
1943731
5161
2457584
1167
233214
2913440
1616796
485916
2991
220292
3227326
148313
5808
151288
1059908
200100
1643317
209170
3162355
10693
216944
697018
236040
227098
1954125
189966
161318
2356278
11178
2895681
94919
1790606
189816
3010669
232518
1743
902684
4294
920521
834207
2342998
3488
181595
2507801
174470
1873798
3042643
3037139
1030
3002227
2771901
4678
1643497
190982
43965
1767793
780077
178960
194586
4123
2501070
1822707
190498
9814
1861
1756031
2747
201956
1715603
3044002
1778736
2504792
930174
245542
249276
922143
2784339
1626369
2995928
1754843
2391531
1565154
37335
15659
227654
181639
3032119
198968
3150516
10058
959265
3209492
47148
375682
85396
100156
123317
1576095
194562
2882
33307
1626346
96708
702133
3040053
16549
3485062
1559583
3109517
1589006
3313281
10289
196368
1780944
2014030
1937165
162176
48742
960150
3065116
2919155
709027
2201
2147687
240068
211444
298516
248692
164315
48440
1798527
2498461
2724113
2421601
28196
117337
435
923160
1516841
230024
2714398
885077
1517538
853884
249162
9389
1586029
1539
1517213
2518773
251728
128275
3494
2482
1027341
1448
1163
94968
95353
2085777
2370721
126252
111517
4201
1738975
1717391
2510583
1041
885963
1717940
87903
90375
179781
1804934
711537
2615494
3288469
818372
700716
821203
1810388
481562
126007
174450
417118
1409
3002551
13129
3045128
262210
204098
187414
5688
1738783
738905
2946705
19473
231852
3403924
3634
2490554
1491
2637042
89403
895829
3845
3966
177236
3361679
251456
16032
698919
6224
2504034
2372358
2484891
181994
940317
2155
3203449
17099
238456
2330341
1911354
229716
1631450
1719975
9661
226824
209730
1897808
2346858
887311
2148485
451728
3257997
15543
11372
35383
348684
701503
1845185
1657416
800972
261892
225662
2641348
3049099
945585
2299856
3201592
1754242
2303624
237076
3068590
125981
782968
1934527
1627181
31707
2760300
922138
11441
2988
2237438
71528
122164
820987
235992
795770
102468
1747517
3066944
910303
1784744
2318342
1634181
93415
1034
1888209
4924
1575579
1643
920434
1794529
3127117
3006366
3004150
3175491
2497314
2596389
1774982
3051798
1906328
228400
219958
1840295
1122
190692
367540
3478677
202952
7347
1570752
164750
46328
2405686
185498
3265343
696321
1794070
196188
770
679270
195668
167271
239898
714402
1745
11700
3022175
3615
3282004
717273
604558
168770
2296239
1816942
706367
3159502
245910
2798053
171199
1588
3201589
1939759
10584
1826174
119155
2626041
696980
3523502
1910831
1027306
2071624
189354
1558538
179512
2720044
2685667
2077832
3167712
1585545
113119
931013
184280
914330
718949
3247516
2798663
1564574
15438
126284
161594
3266587
3028651
2922391
171406
920019
1810889
188056
890818
1996586
1933051
217626
2644695
335722
23387
882399
2317375
188894
220134
711643
254214
602744
1931779
2922380
1894130
961012
225042
44341
428388
1578
2748154
3278686
455828
1575552
2919331
705286
15721
3226586
750390
3269310
8664
2521933
326844
762689
1397
51178
22799
1798052
703039
1458
827021
242640
2203880
893498
878
3094909
1575449
223472
255118
12256
1844961
827015
1775563
827
3118117
120939
1592965
393830
4151
938
1843324
3182332
725121
235754
598358
2889
2716
71559
746028
1616541
2242415
2521834
1727978
193526
2365178
2719211
2696201
216444
1712232
2901493
1945094
841004
12251
2817005
1814709
8766
1954894
229936
1623710
226578
3102386
2419720
896322
1921672
2874114
2569
256474
199502
184112
1922592
2982565
225550
700724
3580
234720
795435
792461
6060
187978
2900509
720238
1407
1832567
842554
97382
725023
812311
3293711
1988928
168246
901012
3067661
3158915
242518
3247627
910952
2504904
2921845
84139
1754349
213224
8110
267114
246754
248720
3751
1915839
1799348
1706454
884339
1899771
3079360
117405
392332
12027
1738921
2199
1654912
1721679
859923
1902766
55221
1654808
2278592
2825590
203070
2637412
187264
360216
3089116
959937
1977
2395405
705293
505764
295794
2992793
3263332
897533
1807575
1802725
375490
2948865
12201
1559
185732
119932
1156
209802
845093
803266
169860
2050964
3217313
189676
200074
5422
1570756
6116
180921
698
3072287
829165
861037
122643
3078491
93434
3232076
1811692
1642201
896303
717260
560
3297
4
243964
207242
185542
727280
937389
841821
1843945
1762609
35297
328882
1775208
2474685
882234
2404804
2375559
3102964
893130
6534
845490
716822
2990565
3106200
188022
256832
1609175
326398
6479
8443
2685521
230102
93419
837776
3284898
6721
2261774
190788
920843
257186
5576
193890
25151
3270878
16144
347818
1913908
707124
2884571
9628
3049323
888660
4343
1589574
150217
169212
2237442
2354914
155167
2886484
3097823
8831
774926
347736
6297
1364056
194312
700295
9411
2432001
3169032
1722065
3091645
3057000
3229780
1065179
198128
1594387
1836986
3303902
3128624
726407
715022
855005
2686613
124928
212724
895418
1775874
1808517
3140283
2337116
3121852
3056667
177400
1739720
3443465
506
2641851
881870
22097
917974
10697
3116901
329594
2246
2440143
711933
2987886
2995033
2968627
8840
3128478
2719
17404
3161868
139674
134540
8902
44
167003
16640
405234
716771
100803
9818
889245
191724
8920
699445
696566
840475
185482
1774771
191920
700643
2972558
850492
4020
2923371
658894
710733
1815467
719337
3255692
817919
6219
1434
2994952
1956879
716427
241390
67769
2648
247912
1961951
845285
2681071
101275
765863
224682
1588232
7572
1604368
2627200
3100449
902407
3481192
7902
2216262
165717
2693768
3035685
123889
2698166
1959352
3083909
227964
770026
5986
1925297
3067321
2183815
2391753
1918110
2938818
1813005
2147858
100249
246466
916251
1454
7256
1838661
2894323
9894
326864
8923
3532317
3141539
6393
3353123
3277932
3138764
1476447
100084
3898
3110478
1750922
2968126
1574604
1937622
1817723
2470
1198733
2582169
2414435
928505
13130
1890394
1476518
405208
2071164
73266
163975
97602
160768
1671578
3046
255236
3074530
4947
112662
328948
3197987
3008418
771173
1919007
203406
5106
1939
939448
6409
2496779
3113412
3045284
676960
2651391
2222376
185572
3188945
3100671
3273389
2395506
885183
933307
9450
184364
1812794
704390
202418
116550
16022
298312
243754
717256
1717398
606652
3012835
872137
250358
1889560
834966
3111428
1633684
10391
3068843
254984
1467434
718017
5012
734206
3129132
702492
405200
194392
2293
5604
3157396
3049104
882043
5427
697883
2276241
818513
718556
1772299
329566
100293
3220771
742163
2432329
3060008
750323
2504761
366950
2065095
822784
5194
102470
221780
204576
3051
2792497
727030
3233597
1607621
18194
525578
452476
34716
1968
1785643
891569
4257
1280
1987746
39964
3217687
1805207
189654
93495
1599014
2345109
1956866
2058457
187012
835
3085539
3681
1747936
887472
196166
3032510
253324
2429478
3131971
3072265
2801
236306
1625930
1785306
780758
1793837
1901744
830306
2505436
5750
158164
927146
1836328
2702246
2751
706553
265246
18694
118307
752219
3170696
12072
3100678
26973
3021087
2664830
2419264
774118
542
3254904
695841
696681
2501145
8906
709252
3510
715051
787832
697031
181854
230674
166155
936078
948294
3907
2877093
8721
2487351
15821
1675189
237772
914587
28618
1066354
1933096
942597
244252
843706
722510
237258
708072
1664
1769502
798303
254972
5654
3010649
1817365
2264457
1784476
3200
3353124
936133
5946
2659
2926
3163673
2640342
717972
2703135
99215
1616599
947435
2313011
2696214
1959367
2652149
149428
1787562
1609561
2382
328316
101445
1779021
925805
3103367
31585
1656
201230
3255999
3121531
7131
2750
3145595
1596
186322
890932
1761741
95918
188196
113044
1973586
1055
2356874
105853
1641
3062890
194880
189130
1810300
159362
1648498
185
3205014
1742989
2343807
2334887
3468638
176056
165431
2369773
3143960
187606
1720354
3019318
2341616
17440
1701890
483378
243854
756888
1565127
22503
3582
2475
19615
4224
772163
1955556
3241233
1805041
711981
845303
2641101
2039
2297011
2963283
703
1809530
102467
209438
3019564
2013635
2367898
260946
2534152
2423
2975968
241282
15618
1918042
10046
1562338
10065
97996
138085
6412
224010
907761
16090
702751
251370
246658
3162880
3286730
9806
227068
2939690
1595200
1982607
843852
253362
962045
3041017
906497
2762135
158613
1962159
15775
787341
254870
135067
2419502
11609
3268027
222278
3077
19377
1785022
739954
1394
393002
1957769
3282787
149415
123312
263514
228026
2996845
2398018
2536781
205270
246666
262056
708727
1570941
3243081
3139099
3264159
3372511
703074
2669064
3084280
233006
1591
703872
1364427
212704
3182352
160499
772088
2448
184786
1631556
3137504
3282633
17071
608426
3263786
939926
1556893
3032421
23034
149431
959436
1583377
2702336
2939982
1666950
5027
3078813
3286293
706571
2356540
174210
42908
1578571
180428
2993624
2720219
2965451
820983
1367548
2854
6299
3162324
3103716
11566
1934646
16592
3652
347850
2767297
266186
188208
269354
33616
1524
2046237
3086240
2432467
111744
3137703
177938
1747943
16521
2148742
348434
2038357
161941
2060
2303895
3157225
2375356
700296
236184
1796782
186232
19956
1809755
928270
1784869
203290
4827
727728
2708
707935
747489
255584
3494717
16978
1801809
1770617
190988
171138
12075
43299
798604
789594
213480
1934913
6726
115369
2550
1992899
157423
1609201
18038
2263173
706843
95032
958202
3015559
222654
4413
3267859
3047309
2441381
433
5702
1743584
899156
1706997
1987843
1656173
209526
2927077
3250206
3010525
149811
2722
949191
3863
232880
143945
111827
106586
2222073
13036
206550
8710
2392864
2343380
3041399
6209
909994
255462
1623851
700333
2705963
3265132
3307384
182898
1670805
388512
55791
4222
2649340
3014064
1609258
860174
192424
1751662
6491
18602
1942069
3229837
89164
674926
809
99475
667
3039039
1846010
99737
229226
145003
820949
733
1934422
164226
124831
237742
2471748
6
1724195
198126
433844
170932
1937214
2342222
2521890
1250940
2195291
141843
1425
10282
2143470
2523864
3064979
236026
1632967
2449029
1165595
126271
863632
188626
758294
2327655
3288492
948775
710244
9163
2414689
169612
4044
1516817
3206360
959254
4195
2343808
253332
102464
1958782
1909552
15715
1474401
2949004
16631
699983
3177041
233008
709123
191394
3026084
245158
1656090
2620570
3252171
699700
1772892
8932
3386057
150769
21573
97789
3161479
902036
9625
164089
230
3035677
1957338
348136
3277356
1764173
194534
698412
861023
2649924
556290
22465
72031
98097
3136995
701931
119060
1555
5070
2927
250090
1954941
5077
2314078
835969
885551
193044
170693
3149107
922213
3485465
2695807
1594367
2390
3207715
2147535
1748803
1569
751884
2960729
933838
1749053
11574
50668
3273419
3250503
1918196
1832928
199472
1585682
3068153
1596248
3013620
2312967
2585075
77208
11088
192458
117788
3152329
32916
235822
903312
3068236
201224
211328
191826
3048937
228246
3209296
4498
760858
3295793
2753992
206118
7246
515952
4015
2146122
3450079
1596861
1623901
109826
2012
3833
7854
187814
120490
1582363
3261970
1738112
157835
1887309
672290
712816
2305
2280265
2279561
255188
897502
921928
186634
801118
1359933
801210
783256
2385393
540
867858
2291309
3058733
1609314
1731943
3090928
4527
26505
1947800
1308141
751249
3037770
523134
3303707
255562
1586373
3172369
4025
733673
9478
3195430
1941553
3198402
1633
1709907
1408
176327
2207232
3014748
2021673
1248570
3181565
182318
3259
111486
45770
199036
143263
1597509
1798188
3097402
787865
85846
2359823
705727
230866
791625
1571423
3231441
108709
3127698
235172
752191
188516
154590
206256
2341861
3285948
160576
16646
126029
146126
2952438
2358637
206982
256924
366676
30453
8456
3264775
235406
823131
157384
7161
44061
4686
329702
700893
2369702
3543
2824676
1581742
696707
167511
3153207
3031407
2301380
1813373
3048
200728
849922
1640186
220228
189610
1958942
696495
2569928
3220641
148377
34171
1943868
3537114
99154
3014171
181641
841133
1754337
3116942
206984
234664
367644
1808647
3002357
20172
708825
3095594
3451147
124128
229628
3248851
2003
3574507
909942
1956940
1462
724507
712412
1792921
2942097
231532
1993102
922216
725723
3246085
716960
1751314
783424
7097
3278208
821234
2930
960071
3194771
842276
193942
841566
3205667
118807
11198
800984
144351
906756
166994
200892
73020
1562265
1659382
2454
198638
124922
182630
2059
3124184
2302112
732162
195778
2363914
249748
2343801
1400714
850312
3126
2696816
1963091
1643531
1565218
162724
120628
144088
3110813
872311
3683
86165
115411
121816
174289
1711222
2363181
934160
2475143
175359
1656470
231386
712551
1248899
3254227
3024861
815310
1948577
943605
1727985
263710
700967
262652
409656
1608481
98039
6313
2241761
3238996
245122
210110
1755765
2054233
1569727
2354361
2637542
197352
1947842
1755541
2951098
2433375
9410
4118
2007747
917916
2164402
701526
3041354
1818575
3016471
3050904
3288838
235918
2640092
4416
1936882
2712
753
2926291
1631397
173113
2966032
7621
2511094
761103
1598845
526240
2835656
891540
2981527
3004481
934640
2296099
739505
2878
909432
9318
3479
4985
744005
1781000
2628484
126041
2345129
2033
220760
2397278
11597
16301
1754137
249248
470402
3140897
3138880
3244051
227380
23698
15848
909120
3033431
2436787
8392
778702
201848
2194262
3230080
348432
189166
909100
3103348
154700
3286169
3045132
12030
3278783
1764177
787798
1097
171210
910380
2359170
3137893
2345172
3015434
3267678
17779
4233
1590
3156468
11710
1842953
826124
798363
327518
113087
1557729
3045672
182384
238400
1835556
1597630
3099185
145415
716441
6359
3135207
360270
3026092
703492
915572
699184
122336
903844
347602
117691
2605484
1937369
1377
1438
919688
1744172
121260
328886
12107
152446
123565
2362129
811254
250316
3226711
227000
2876854
180780
1832842
82841
2657397
1594884
3244591
5739
16303
3206
7187
933
199182
3132341
57711
19097
32758
3056
5447
2996630
3252362
821539
3167915
1886050
896284
92452
3025254
4576
11507
2560892
392348
1913743
210084
3128422
193606
2571
260770
181406
1712340
3181635
242852
251754
1902
167830
153583
1376912
204096
3210113
4042
1702527
8062
1893000
730542
890825
527594
3176245
5686
2238224
203100
170092
859033
2919484
920685
101302
712337
1080
224034
1987
197954
129394
172451
7827
1594815
1799915
11924
185434
112659
3035641
221088
2187627
3102091
3026134
3154949
181847
174325
716514
1964946
1804578
707206
1594359
555696
717462
2569010
792757
1440
252208
15914
9289
1384675
3490019
195768
3298803
6962
3010323
3281645
149432
665418
3202255
16615
959964
262580
205130
921201
902626
187858
194794
8030
3205896
190972
807825
4925
3025428
3010310
3151495
4516
118738
9453
209086
795706
3194497
180720
1982681
49642
226842
5137
2999760
615266
128708
146235
120559
526514
2762078
16532
10053
3105373
847609
820625
2945216
2977736
735791
4508
858725
6344
2785119
190594
5693
1982
2319774
2987581
2999949
2504606
146186
3003979
1932777
122738
160978
3022228
1644844
3222463
3906
3001559
252504
189648
3293291
165068
231586
111526
15863
3740
1938505
1251837
251774
19357
719403
1631074
2949829
9300
1002096
2079178
143816
3097301
3117214
1706770
2860704
697119
209650
3248785
3462581
3278394
3029119
88761
1943695
1534578
179869
179846
780844
2023149
186852
3488331
2221293
1598911
9270
244498
81472
1784360
145899
936449
1790449
3070183
3177163
935
3117835
99912
2516779
696414
88
3187633
90147
2155100
170215
955054
16005
3595425
256840
8015
6885
329026
194406
1580470
1808525
203002
1937382
66713
711553
872229
1991384
1813850
165752
15683
263752
4786
2975
1586253
1790397
917580
164777
54
120937
99153
702356
1564576
199994
933518
3261237
2374677
1945221
2687188
179893
250764
166236
100133
1744046
179889
881876
75196
125181
3078360
305760
3117076
2614454
391360
701514
232834
1515512
126433
1890008
2946814
2199117
3023566
5682
3190681
922118
3283166
910288
1609590
3247379
3251384
198622
226836
178562
1712697
3211907
882281
2982549
3263918
4266
1658771
80190
4909
1609645
228002
1519019
859663
12339
1575997
758961
192654
2411533
18362
2453490
1988496
2635
3136608
2227106
2384
2377169
2717419
99468
6519
847526
16718
2963226
3026025
189634
2876030
810297
225604
123525
3128696
3262462
212912
2490524
116891
3030364
3130348
22787
1925394
895267
844497
3016445
1577728
202940
2014015
3009145
2471244
74521
15926
213096
2720861
716786
889072
897519
3294162
1562709
707073
1940082
1787453
3085011
176253
2071820
6420
812244
185494
1562102
189730
1915942
194066
1747945
3016256
120205
1974098
3196514
848446
2323933
117528
3267773
5517
1635407
882657
205714
93503
3182646
2363
361856
704261
943639
796835
3040521
3887
12077
16685
699690
3094256
2047113
16641
181895
3252283
2744097
254736
182320
2903807
111046
3011678
186862
1586
3272144
7372
6640
1798612
2793981
4107
2483893
234706
11307
3132565
202988
523160
2437179
3289461
179959
144762
204094
4344
893267
180869
226838
2452874
72852
120791
11729
2558439
1953370
5708
31748
1831924
3102213
1933170
3016375
673098
885504
102465
3299010
922136
931057
3047750
1646516
1945960
179978
3183105
1668
2773625
840270
862854
1913440
2979
889142
703679
1941047
15799
1750248
117159
1788221
2410655
125040
197692
31193
3539
366014
227550
3106234
3306014
3297365
3010883
2699846
3020727
2946821
2049679
1978538
3327893
3101799
15626
125883
108717
703770
1152
793012
2356523
695311
4376
1781783
186682
4885
2966254
2559744
7839
2471686
2686329
121640
48
36302
3242621
1724373
2630663
3678
3825
202254
1067387
7291
3261402
872359
2966
3104353
1756455
1821598
1342
2978609
3064990
360862
1904348
902708
1767429
236100
716788
9615
3570
1719042
1773195
1785399
118408
1747648
919329
89646
120360
3004547
2408652
707169
1904119
685680
55549
262144
6300
3159145
1596295
2486460
757416
485752
1720241
159435
1026
10190
706269
11315
1609627
3130
1671654
935817
1760058
892344
796062
927823
1116
237872
792586
128705
170080
826635
119913
219968
3276586
2334260
73089
1985046
922336
3017533
151441
854980
3236760
58376
3125170
707177
203246
2395372
329738
173237
3202516
11206
1575246
1762182
87855
1785375
709578
1989063
1819698
2698720
3214005
1807998
1720051
257048
3037408
2583648
1890319
99046
326550
1413
10082
27598
21104
1631396
835446
778120
211362
189096
254076
3068417
1588402
2516774
739370
2601
128721
3225
828535
3121600
2942539
2788336
3128237
4668
2521363
6602
3030790
2582669
1636012
170082
3251194
189108
3239496
754200
1800882
9898
1233894
2571920
3149948
198516
48269
1610449
171498
1835122
1930611
815686
121812
1772019
1135
16014
3165289
3053323
980
798828
192740
2981161
3117473
3410
154064
3210158
2245
2569590
1088
1809479
8114
2852119
997028
5680
1893099
101462
697896
1789662
1517132
704136
3073530
262744
1671490
2479456
3910
6909
701897
87238
941459
1574
3501841
1959289
3153878
716201
1739159
2947652
698432
2021312
899177
2188545
11565
1786463
134876
113395
206660
2456481
2981651
748627
6428
8559
2189207
2345256
892085
682
1035
970405
3134342
1654870
727168
1579
859999
1169
3204876
10029
1516172
1771166
1615833
12125
3108424
4526
219964
151322
3224
10490
120100
93502
86424
1820
900851
187620
200772
1623660
98935
2402282
3168196
3442098
252580
3188731
126549
2291359
2034
188492
1364
1783426
3268883
2943556
3076033
177882
212332
2179731
930123
1812874
170674
2096
3091944
3579
2902171
3010385
1721737
233448
531744
25248
1081
1544
246564
3251311
2993732
3129123
1558343
238512
2310994
211812
4674
716144
1024
744906
3058186
1833478
5737
246490
1988001
2343743
2610052
811871
706784
46124
118085
256482
92816
2400373
113157
10399
10964
1574624
2038776
3049149
196766
1183
696417
1517735
1935110
2471620
815927
789917
3264360
3130611
2271
3193808
2058
1754260
186982
188008
347182
35679
1987791
1019
189956
2761425
1711280
733802
1517975
1982280
124148
203936
168353
2220138
16085
84512
2375981
3199586
1918341
148122
1768844
2198829
2711
1807324
3296925
712176
910124
94496
1966857
1793569
3117094
1670601
2450988
92364
3032913
3202122
498372
3030460
151324
1588109
252077
347690
2247974
2723295
15983
6276
191230
3014798
9347
2189276
2935635
3065843
187508
812374
2911
941488
6120
3132438
2335070
5
170688
265414
2773133
3571
96897
732154
711876
2431708
134586
2668577
144241
87052
2966615
838044
173201
2389761
260900
63092
785543
1959124
1567384
1695
3280852
153670
206424
1607367
174914
2302743
2558603
177659
3286064
92235
1654858
120904
3094487
1942215
2853697
18415
210638
8605
150692
9047
1971235
90138
1667507
198222
203292
1121
1570935
1551144
1808589
1658784
172470
2189671
905988
2527131
3146056
168371
787178
347658
117922
88403
15994
232636
3237272
201246
242772
2269648
186286
3578376
11708
1774656
853892
3249120
3074111
1172
120768
1623810
707848
893493
712659
3226807
1582359
3186
39742
1891185
124667
1473266
2845
8863
748623
5290
123960
993807
142941
242722
706500
618440
3536
1612059
124832
187094
215494
256584
1644997
90122
101594
226570
102463
1565108
3090300
2335573
6452
786256
3102518
198722
2984434
452426
715670
1608511
1113
411454
185730
5683
2630439
252716
17389
222760
88694
1902492
1517985
854873
220810
84925
1640
3080418
7138
1959825
2586
393870
884595
11682
2504607
8666
1560979
916827
7334
154063
202370
712985
2913817
215026
2221217
2957001
935918
3032146
3076397
3533
3276001
2160502
238148
1754139
894750
1816185
432030
1608397
261610
2952318
2388496
2482815
2370965
799037
2312945
9679
705490
936918
93042
716238
16042
326
263030
7444
145611
179094
3161937
756633
395
884443
705023
2220846
171189
102
240422
5632
2327598
3068705
1059816
1723489
3342447
274920
3298715
729551
9772
1572222
328704
963
342434
3028745
179196
90524
2970701
149932
298478
1571086
1786049
1768318
709617
718517
3308280
108721
347488
2977486
917723
16591
255488
2860
17268
5707
158637
11604
242512
3275
145014
773
935961
248508
375718
367004
261986
1728783
52248
696839
1989158
1934887
187564
1594547
65533
265730
708093
2397770
179001
901141
2279152
101396
1762732
147620
1045
186618
2058638
501616
125469
2292238
3038884
1561851
1313
145132
4499
1035412
2659947
785642
537
3089632
2386050
696935
3462071
937601
3225952
151402
1792427
2211867
910285
98014
183022
103
959464
2450372
1364174
2419728
223074
1595982
3139137
528
608316
1940485
1752706
190786
1517883
2354775
2149533
3126291
1804138
1474551
2317600
3230286
1609770
6533
78185
3118
124861
147287
2645354
170239
497584
1798516
769160
1730
87888
1985711
928731
857282
156750
216274
3229499
3011443
3066868
9228
116938
7507
1953245
782585
539558
709524
2555221
298680
674830
9395
3059487
6411
2335608
2511479
122437
3213824
201934
1609183
93444
890718
151065
911341
7953
254514
3138534
251208
939365
144717
156388
85206
1656913
2963779
618152
1835
6755
140961
9769
2272
1813676
3101943
2385392
751659
1852
3105719
123997
703220
95810
1801349
3160570
730636
6275
251246
2304476
186122
29344
1608
3319513
1654993
1780759
1652735
2992701
3273187
179511
3066088
1978919
8678
895440
1655620
6407
71977
3286452
2455251
2157554
121838
1558349
2981222
766314
199730
2457037
993806
1798229
2426329
1654104
124011
2504347
759
201070
90163
198636
2377583
2938631
186030
788796
2276258
411990
3289643
3039665
124193
913000
1747433
920264
2953723
708677
1711629
10055
167114
1774978
849262
140926
366996
260400
2379112
2248561
3017695
6536
1612
21972
3029699
843728
3131329
1893129
295670
2343562
3246758
706614
2483089
1721704
2686170
2702758
573348
796021
2559954
3225128
253398
891
3020395
1747938
714929
90862
8171
2584843
3283565
3449834
1068
937618
402
3308473
2013643
149936
729714
3181680
4635
809188
2199126
2793758
907561
2999538
18791
82847
2337523
3250514
902716
791483
199946
3487337
56793
229244
1771
257056
1933190
697145
1544269
7915
1743736
771777
11294
117020
262078
3288224
2720322
3254905
7554
253444
889
199312
1639
112780
1456192
1517536
3154016
911294
391542
699698
192080
225990
8043
948504
192366
1836326
2372747
29192
2720012
1634639
174716
3217769
1934525
203212
234812
2254
2762011
2370
2289095
264634
699868
2021802
111149
3007133
162091
2194770
1439
2708619
1780508
906758
112279
3100996
3020594
698592
1584183
2276376
1616666
49461
2938945
1790478
1588424
116975
41737
3306976
129679
788351
99842
1916073
2952890
92577
899163
1623854
919324
2687006
1053
3010500
2701800
15942
1589631
3065809
705033
697397
2633910
2070631
220792
88602
1765351
5170
1528000
1820353
3171081
150691
117007
182974
249744
3172602
783622
121037
3124021
2432340
2644190
7898
1613
72475
16960
703899
9933
3251081
1631469
1082
2085819
1734627
1217
7243
11673
1031451
8643
112329
3031398
1069
214542
242820
674006
92626
1940250
98095
994000
703907
1789527
2615386
3213594
3010567
9076
190674
1808898
3198962
3034522
9143
3128220
3007227
255162
122397
1587773
2405712
1959227
15533
2372594
262762
703380
2625
834645
2686169
426362
3091808
323010
1762749
2324412
696327
2567224
118651
124140
1623160
186908
2236827
1742957
253990
179958
223304
22332
1588929
3007565
796999
2933398
3098434
11659
810291
2911596
3304224
1524720
2606800
2864
1809446
200886
1775920
194290
1839197
143957
2427
3467402
26043
1585421
3089742
843573
4067
2587179
2844404
909434
187836
3090614
1974701
786960
2312446
121484
1609711
1794542
329498
2637413
716251
214538
1730965
3482197
456
97
6910
3136474
3168053
2071822
750211
1554468
1762170
2404379
65744
148175
88022
3429800
3256685
97343
3163403
1766586
3283944
837790
3178410
1066
3481
125259
158072
1953699
764239
159355
217032
1768944
559448
701491
1926624
185700
11369
254780
1157
222124
2986695
744
90071
3264274
186026
1860124
3260
5134
2561028
3984
531828
227166
2767796
2963206
3277906
3510136
360546
1574598
1031790
230562
206144
1038
1812801
907714
2278693
2242030
903638
3095841
3741
1987637
2844654
256696
108723
2989
959404
56411
2568450
1570764
2356788
2953982
213474
3041128
1798190
747189
787784
2503924
3308145
2916546
312
147502
707941
1933255
1729462
3202586
84064
366842
742366
3308464
751736
2914555
1249629
17301
2992343
3239418
1459209
1607492
2980806
701465
5420
347464
739717
3102308
164740
2345648
3131701
161065
3251086
142064
2900635
3034561
1775795
312496
3581
1740874
3561177
2262565
2992527
1902965
1929845
1796786
655914
2470309
5689
834910
1934155
170777
16394
778708
686253
2384492
193750
2655618
800910
98390
3306591
4578
725437
111237
1111
2393525
179789
1444
