951095
937152
983962
983994
868827
980408
987415
983905
928490
990974
932750
983895
937983
894149
936848
938761
984302
937537
983519
929039
987780
960920
986901
984318
989905
937866
986884
939455
934632
990664
983952
929791
937834
934208
990044
710026
930793
987977
989190
991389
984851
919394
983959
989582
983950
960003
937838
700809
987057
990411
980428
990386
935868
984059
987320
934625
989000
928167
990373
929407
989358
989116
984840
929333
967611
980429
990619
939403
984689
945869
991709
984295
989152
932261
988050
929949
956553
983989
986389
985495
934295
934244
979243
980442
989895
989030
985098
988348
925842
986294
984841
988673
934634
935668
987991
989902
940335
980390
936835
984922
988829
951074
960013
695844
991207
983967
939419
989287
986031
990440
928241
980435
990403
980406
932257
991243
929728
988983
930743
967462
986690
984563
988026
934660
984003
983939
960007
951124
989627
960010
939179
985104
942672
950419
937531
988150
940255
936204
934782
951072
991074
983722
990579
989233
935894
950401
939745
930363
928485
990439
980448
940720
933515
970562
984667
990905
937880
984845
990630
983906
982978
928060
935895
987900
932703
989635
991390
983973
932265
949654
986223
940001
989313
980146
980399
983526
988377
985962
932047
983993
983931
939413
951189
989637
989392
950413
983947
956567
935646
938073
933534
935673
988024
987253
988143
989332
988920
936444
984826
937822
933461
987757
987811
937538
984319
942892
939442
928178
951065
980441
988361
988278
959502
990629
951061
989394
984838
938075
989870
948095
952524
989541
980450
989457
943234
936409
986757
950349
990047
941320
987818
934987
960528
930751
990303
942566
985853
984052
987758
940699
939448
983011
957218
940333
936686
988025
930926
940739
950390
985553
959490
984679
985762
939451
956809
984833
987986
984326
991275
989390
987236
990952
980424
931489
984829
950036
988385
983899
987753
989583
981788
935876
989314
956919
935665
985663
986693
928622
931649
957551
983016
989680
985143
984324
934526
991374
987121
935634
987852
980405
988931
929789
941314
940712
980951
989125
706243
932773
990330
987374
987540
985560
957102
928535
986669
930938
986553
986889
985171
980385
990618
987612
929392
989093
989438
988205
986691
990590
985596
960405
984744
983945
984399
987007
989906
940755
596010
987778
950145
942513
989107
986138
930765
989606
928068
989048
988144
989576
990193
990838
989419
991106
952530
983917
928480
950370
987989
970903
950388
960501
989025
960709
933473
987901
934515
989083
987885
987571
931498
977594
984307
986046
985253
933483
960708
937820
987845
983928
990524
951060
988316
989198
984579
928160
987892
987411
990302
957411
939207
936424
987724
942679
980944
984300
983708
934509
984770
848764
987557
956363
983936
990565
940252
987118
938900
932072
956394
985959
929008
950364
951130
984628
990663
985345
984578
991313
989031
985095
934959
932698
990699
989899
984839
988336
989640
990691
928706
989206
984309
950385
935680
933462
934969
928191
984902
980398
950308
956743
989885
983960
983925
990376
960705
985100
951050
987301
722163
984058
984846
985644
991229
983983
983930
984043
989174
928502
936691
985097
989294
951096
936450
929001
984033
983924
960006
979795
985642
929404
970900
990485
931433
988022
985151
980419
988671
985549
990844
950415
934687
936154
987189
986881
984068
986198
985278
990642
936205
990332
983450
842378
984007
990312
986436
937551
983979
987298
928186
940362
928440
939439
934655
951046
940742
982992
988182
990310
932774
930946
983984
935022
932689
984574
990860
941204
984297
951062
950344
936041
983907
989634
984312
951016
928634
990927
960015
951070
934978
989213
985350
931669
986692
936412
987511
986758
986991
990752
983961
935663
990840
987907
938756
936430
933512
980152
989593
968992
984571
987539
980150
989436
989315
987112
988092
986620
986800
990589
990649
950384
951054
989910
988156
928471
981885
989047
987344
990922
928059
928430
985555
939171
991227
956424
932067
935035
950432
987520
986041
990924
989643
990705
990442
987940
984844
928659
950376
956366
981430
984836
956266
982839
990673
881201
951177
985939
956528
987978
950396
986195
985619
991101
960502
990313
930390
990055
984847
959455
988201
931131
984064
984568
929801
986054
936044
989060
990774
942552
986481
990305
933151
833338
933800
987767
933108
928190
929799
951133
939467
990741
756781
950324
939747
928165
990307
940345
986621
985099
988891
989440
988054
928197
980436
986306
987673
934771
990311
989423
987141
989590
989651
939516
951190
942599
983969
991486
980388
936675
988705
938981
990581
991250
984321
928438
956361
956751
988585
986158
980947
980410
928531
987766
950435
934988
983971
932766
984843
984001
932053
953769
989537
990375
990484
984055
984049
984061
954601
984038
990030
968697
987558
956398
987909
987083
989023
937545
928508
984850
952519
987701
988504
984832
956746
984575
991156
928453
939239
956214
929037
990577
986196
991344
968790
959472
989646
885279
984562
980443
988843
987001
929394
990951
980447
983981
990339
975470
990576
951039
677676
949683
939438
931125
937548
936827
985641
984564
934679
940824
990323
949657
984320
980427
984020
990923
950389
984560
988001
932733
936696
990444
991276
938256
984567
989645
941075
933475
991187
942568
986293
982578
984040
947921
929788
956364
990073
990038
989186
929340
986820
955692
939430
928516
990441
989033
940717
985096
988357
980392
987938
987132
929402
908816
990415
990575
934271
987166
987251
983530
933801
967610
991329
967685
951184
987762
931476
990928
980403
933507
989903
930756
983920
984842
940731
983974
983970
984917
984029
948463
984051
942603
991001
960707
983929
989044
934273
929761
989041
984008
942669
991249
989574
934258
990343
988459
933503
989595
940287
990929
990653
984572
986334
983991
990598
955373
989893
991517
931150
989305
986628
990896
989245
991217
984325
968698
991341
989061
928057
985628
991407
988364
989900
936200
980662
934973
935592
939801
991408
950151
986626
934251
939458
931647
942577
942667
990729
989376
984442
983913
985557
987495
989136
990405
950153
988438
985707
914162
987928
935595
980828
983940
929406
990749
980734
987548
991147
935873
987031
989201
983972
984299
987974
983985
987899
987835
960694
942570
937833
989043
939174
933468
990911
991280
990500
980433
934614
935661
984039
983976
980950
983528
936693
934675
984025
987747
942561
983439
985094
991422
990192
986386
988014
933814
987258
982113
986625
989013
935607
984570
933472
987980
985400
929021
988906
986623
983901
989185
957403
986688
991343
989262
983896
930368
986622
932266
987601
940256
989538
989057
990333
960685
960689
980426
940380
951152
929734
990603
985552
986517
935685
937149
990994
989040
990382
983590
936689
983951
935611
991318
986744
968579
983932
989106
987769
955381
987902
934293
985623
939540
930348
984316
985622
938972
934286
989410
934278
987752
940710
960511
934664
950400
934638
987603
932079
987637
983927
990516
935879
951120
990036
983138
886830
935039
985941
968688
986327
983911
987982
983915
989163
960918
988480
980404
990743
989681
980945
956563
989594
984063
988633
939425
980948
980445
940320
951068
983894
991252
989319
984573
938852
928581
936692
937146
983978
942547
938046
960505
985803
934629
942597
928232
985103
984768
989203
990930
979497
951605
988707
983230
990493
990764
987927
989197
988099
991255
985559
984576
980804
942600
984037
990583
956555
934532
928220
951027
990648
951168
988982
929016
982258
985258
990420
944609
930366
935659
980440
983995
983965
989458
989145
984315
951045
990635
984322
989326
989384
990304
940245
990722
939426
985584
989908
942564
989058
938048
988694
980449
931487
980389
991193
989113
988444
988007
935628
935657
960021
955333
934290
989039
982821
943689
983898
873176
932654
989585
983943
959451
987162
987781
984965
939202
931680
984831
989032
986197
954697
984729
990470
986120
985108
991190
984301
934667
936674
938050
987761
950397
951077
989009
990309
989038
985899
980395
983491
932714
987956
938955
980423
986627
951037
937832
987748
960682
988183
936043
984349
980421
980393
989588
935581
981467
990665
991405
983891
939416
938939
988046
984047
934517
988421
989487
986550
990620
930355
960917
929805
935674
951063
983902
940776
955344
960701
928095
928129
990388
989168
990916
938848
987552
990656
937889
933450
951034
939191
934340
955209
933881
991334
980182
984308
951064
940759
933490
956570
936195
988830
929760
980949
989328
989421
990591
985107
988009
984066
983013
960009
929397
956395
989373
982362
990562
985464
986154
980148
984848
988157
987252
698478
981703
928986
984030
983957
990037
984035
932748
986387
983988
935037
985521
915984
950149
949653
987911
951058
990944
984830
779708
983935
980430
956646
935675
949459
940239
951161
990409
938044
928560
950386
984071
985109
941207
989005
987785
960706
984709
987626
789854
984060
936165
990366
983990
950147
988334
990578
987830
932789
931479
986260
940350
928213
989584
928090
930356
984005
987512
984067
931501
987962
934711
988495
984027
990996
930754
950146
939766
989597
936838
988261
984057
985910
984065
960001
959999
968570
928527
933522
939532
990667
939461
938538
951076
929722
940722
990558
980849
942674
950347
990833
983922
956741
987257
987560
984565
991409
942663
983964
935650
985865
990637
989006
984569
988155
934631
956360
928260
989901
956732
991172
980402
895958
989004
983977
938980
984827
984835
989896
934270
930768
941224
936660
987941
986975
987917
956149
822834
986015
932075
951195
936845
968589
991256
989414
990389
956734
940327
980420
936664
990383
985008
930922
956701
990344
991126
984310
984054
985277
936842
989912
983982
989633
928536
950412
984050
984019
980451
988380
939558
984658
942598
980409
933494
951097
940817
985712
980391
990756
950126
989354
984028
942591
980439
940779
929498
989135
928170
983949
990726
989383
985093
988423
983892
990521
986791
940729
960673
986470
990903
987546
936016
990631
983975
990597
983926
939214
985105
987256
985921
956397
983942
989599
928153
985867
984828
983213
989117
984904
986954
984306
951098
960506
989196
956750
980661
985892
990594
984303
983998
985110
980383
980412
935871
986795
988208
987751
984015
983968
772521
989879
984577
931511
987180
937818
935872
990670
950124
980425
980400
928668
951187
989898
986823
990407
983909
941041
988395
985891
990417
934777
990370
986129
984062
984691
987783
989133
984004
934674
983941
930359
989894
950127
986199
988650
935630
930764
980431
936830
989290
983893
949858
987412
932735
934272
983286
989501
942682
985906
984298
985092
990387
980386
988473
951049
960020
980411
986736
986624
990023
960508
985106
938057
983937
937878
958008
990709
951156
940774
989636
935678
931633
942573
987570
934619
987733
987574
984313
983955
986388
983966
951484
988015
989431
695417
984069
985804
956803
990616
934960
990399
986519
929733
935653
987659
921014
989027
960016
983953
932063
985189
990610
984559
984566
988507
951164
989649
989334
985620
985618
934705
982260
968692
934529
983954
960678
989401
987999
960578
988509
902678
983938
934283
990617
980790
970743
983933
950411
985551
987593
990517
986874
984011
932761
937897
990274
986159
928118
951040
951127
983980
988391
987972
956786
939167
986969
984045
904944
990753
991438
980438
955297
980387
980407
990445
990316
984042
938056
939552
988200
980394
935682
956599
983904
991515
986968
990481
939210
981329
983946
989382
984630
986689
928567
991483
926980
984561
983900
968774
987636
930836
940006
991242
936419
987452
933812
983923
987381
986565
988027
984314
960711
991410
987997
988204
951138
989055
940751
989200
935638
934967
939444
983934
991182
931619
928565
991107
951179
986261
990335
980432
933449
980946
990917
990232
990674
929782
938936
986835
985607
935504
983910
980904
987568
984056
990228
938452
991011
990793
935012
986970
982259
989432
956548
987848
988023
985676
968687
988984
930802
957032
984017
982631
942610
928765
984304
980444
910995
987834
784501
991411
990641
931518
990658
984002
986016
985396
980396
951059
936840
983719
980422
990671
936662
980418
989923
985643
983963
980446
989327
960503
934671
951056
950392
983997
990666
990748
989355
737170
985498
936816
939515
983709
990973
936823
930771
987881
984031
934766
936448
934621
931666
990660
991340
984053
988417
990300
985621
956806
986185
990915
950848
991434
991004
989281
985561
987434
990834
935867
990580
968695
935874
833478
988691
989123
983903
989581
928093
934265
960688
983912
984311
984474
939520
932903
934964
990455
929796
941425
937157
984825
988350
928631
984837
983002
990632
989012
987832
985225
984305
990914
960018
988945
935621
990390
990530
940772
987592
951073
988403
928512
983918
983956
988839
989122
939527
990010
987058
989003
987430
983916
985554
986756
989119
930800
940027
988849
980414
980417
985556
968832
984668
951163
985973
985599
989302
987334
970651
983999
